[Read 1]	712691	712794
[Read 2]	4832714	4832816
[Read 3]	2116152	2116251
[Read 4]	2339280	2339379
[Read 5]	1683336	1683433
[Read 6]	2601771	2601870
[Read 7]	4773667	4773765
[Read 8]	1842893	1842992
[Read 9]	4627192	4627292
[Read 10]	4184926	4185023
[Read 11]	16076	16179
[Read 12]	4646742	4646843
[Read 13]	4679134	4679233
[Read 14]	2658359	2658463
[Read 15]	631518	631615
[Read 16]	3010594	3010692
[Read 17]	3513579	3513680
[Read 18]	4269197	4269297
[Read 19]	5351457	5351558
[Read 20]	2436722	2436823
[Read 21]	806833	806930
[Read 22]	179628	179732
[Read 23]	1422956	1423054
[Read 24]	1189868	1189965
[Read 25]	47280	47377
[Read 26]	2445733	2445834
[Read 27]	3074428	3074526
[Read 28]	3486168	3486270
[Read 29]	2524513	2524616
[Read 30]	1937948	1938046
[Read 31]	4350347	4350445
[Read 32]	4386741	4386845
[Read 33]	3719354	3719458
[Read 34]	11832	11932
[Read 35]	972841	972945
[Read 36]	3915583	3915687
[Read 37]	4322899	4322999
[Read 38]	4644058	4644162
[Read 39]	3717399	3717501
[Read 40]	3382763	3382866
[Read 41]	4862113	4862210
[Read 42]	1704873	1704974
[Read 43]	1329192	1329290
[Read 44]	2187179	2187279
[Read 45]	471543	471646
[Read 46]	3484770	3484870
[Read 47]	2287091	2287187
[Read 48]	1042484	1042588
[Read 49]	1905306	1905408
[Read 50]	2024642	2024743
[Read 51]	410901	411004
[Read 52]	2881799	2881902
[Read 53]	916962	917064
[Read 54]	1330648	1330748
[Read 55]	1428010	1428112
[Read 56]	426736	426837
[Read 57]	1726086	1726182
[Read 58]	1983738	1983835
[Read 59]	3485354	3485450
[Read 60]	2706204	2706302
[Read 61]	764717	764816
[Read 62]	381810	381913
[Read 63]	389812	389909
[Read 64]	3218045	3218143
[Read 65]	395870	395968
[Read 66]	1593254	1593352
[Read 67]	3804509	3804609
[Read 68]	1919762	1919859
[Read 69]	1188233	1188331
[Read 70]	4374813	4374912
[Read 71]	556537	556637
[Read 72]	1814098	1814201
[Read 73]	2577203	2577304
[Read 74]	2486694	2486794
[Read 75]	2699072	2699170
[Read 76]	2976177	2976276
[Read 77]	2320384	2320482
[Read 78]	3334053	3334152
[Read 79]	2759614	2759710
[Read 80]	3082894	3082995
[Read 81]	2566552	2566655
[Read 82]	667209	667313
[Read 83]	839756	839856
[Read 84]	3907362	3907463
[Read 85]	3439212	3439314
[Read 86]	1621897	1621993
[Read 87]	5310575	5310676
[Read 88]	1582357	1582453
[Read 89]	2008410	2008510
[Read 90]	4904635	4904735
[Read 91]	2537363	2537460
[Read 92]	2816973	2817075
[Read 93]	1179744	1179845
[Read 94]	2184456	2184556
[Read 95]	1269914	1270014
[Read 96]	2743229	2743328
[Read 97]	1877601	1877698
[Read 98]	3569247	3569347
[Read 99]	1558675	1558775
[Read 100]	5290573	5290676
[Read 101]	3561872	3561971
[Read 102]	813975	814074
[Read 103]	3195973	3196077
[Read 104]	2555376	2555472
[Read 105]	4220406	4220503
[Read 106]	1455705	1455809
[Read 107]	1890514	1890617
[Read 108]	4096511	4096607
[Read 109]	986309	986411
[Read 110]	1924433	1924533
[Read 111]	909398	909497
[Read 112]	2270429	2270527
[Read 113]	1710177	1710277
[Read 114]	3351219	3351323
[Read 115]	672639	672738
[Read 116]	597688	597787
[Read 117]	1498559	1498663
[Read 118]	361937	362034
[Read 119]	4835397	4835496
[Read 120]	4367619	4367717
[Read 121]	4005383	4005479
[Read 122]	1713684	1713786
[Read 123]	5315105	5315201
[Read 124]	1893704	1893802
[Read 125]	3606298	3606396
[Read 126]	4905276	4905376
[Read 127]	194178	194274
[Read 128]	4228393	4228493
[Read 129]	5192101	5192205
[Read 130]	3211365	3211468
[Read 131]	3143801	3143898
[Read 132]	3620114	3620210
[Read 133]	3960002	3960098
[Read 134]	2206208	2206307
[Read 135]	2691341	2691437
[Read 136]	1519471	1519573
[Read 137]	4278115	4278215
[Read 138]	5260935	5261031
[Read 139]	604837	604937
[Read 140]	4462479	4462576
[Read 141]	3451535	3451637
[Read 142]	2396649	2396749
[Read 143]	4410191	4410287
[Read 144]	1163183	1163285
[Read 145]	2684300	2684402
[Read 146]	3150632	3150731
[Read 147]	2241613	2241711
[Read 148]	4571547	4571651
[Read 149]	2934524	2934627
[Read 150]	83048	83150
[Read 151]	3176217	3176313
[Read 152]	80330	80426
[Read 153]	4919059	4919155
[Read 154]	527996	528100
[Read 155]	3352813	3352913
[Read 156]	4312274	4312371
[Read 157]	1296469	1296573
[Read 158]	2188021	2188123
[Read 159]	4957185	4957283
[Read 160]	2903108	2903210
[Read 161]	3252947	3253047
[Read 162]	2641065	2641167
[Read 163]	1653356	1653459
[Read 164]	3635166	3635262
[Read 165]	4698896	4699000
[Read 166]	2445178	2445282
[Read 167]	1363154	1363253
[Read 168]	2161411	2161514
[Read 169]	1130093	1130196
[Read 170]	2735538	2735636
[Read 171]	4742806	4742910
[Read 172]	2852746	2852848
[Read 173]	5032703	5032799
[Read 174]	3051154	3051253
[Read 175]	3222468	3222570
[Read 176]	3348427	3348529
[Read 177]	4828048	4828152
[Read 178]	3094592	3094696
[Read 179]	1201405	1201508
[Read 180]	1497034	1497136
[Read 181]	4347834	4347937
[Read 182]	1897813	1897911
[Read 183]	4560759	4560858
[Read 184]	5156933	5157033
[Read 185]	1365755	1365852
[Read 186]	1974760	1974861
[Read 187]	366229	366331
[Read 188]	1893162	1893261
[Read 189]	4359633	4359733
[Read 190]	2687959	2688055
[Read 191]	1162350	1162447
[Read 192]	3085229	3085331
[Read 193]	2411867	2411969
[Read 194]	4883876	4883977
[Read 195]	750814	750916
[Read 196]	3398494	3398594
[Read 197]	1405326	1405426
[Read 198]	4560753	4560854
[Read 199]	3845621	3845725
[Read 200]	4609198	4609295
[Read 201]	2944668	2944767
[Read 202]	582895	582994
[Read 203]	4188607	4188707
[Read 204]	3328552	3328652
[Read 205]	2974302	2974398
[Read 206]	148003	148105
[Read 207]	2123872	2123976
[Read 208]	1664782	1664880
[Read 209]	1355653	1355757
[Read 210]	1132337	1132435
[Read 211]	2766343	2766443
[Read 212]	1537425	1537529
[Read 213]	5017132	5017236
[Read 214]	3347853	3347953
[Read 215]	2426934	2427038
[Read 216]	1126339	1126435
[Read 217]	750836	750934
[Read 218]	3368738	3368840
[Read 219]	4946415	4946515
[Read 220]	718409	718509
[Read 221]	2532519	2532619
[Read 222]	3977783	3977884
[Read 223]	3112324	3112421
[Read 224]	2646483	2646580
[Read 225]	4124860	4124956
[Read 226]	5199511	5199607
[Read 227]	1051202	1051304
[Read 228]	333330	333426
[Read 229]	969507	969606
[Read 230]	2510693	2510794
[Read 231]	3123114	3123213
[Read 232]	5095351	5095449
[Read 233]	1759501	1759599
[Read 234]	649473	649577
[Read 235]	664403	664504
[Read 236]	1994299	1994396
[Read 237]	4907790	4907887
[Read 238]	5153665	5153761
[Read 239]	3213768	3213868
[Read 240]	676871	676973
[Read 241]	3754757	3754854
[Read 242]	4327994	4328098
[Read 243]	1604068	1604171
[Read 244]	5177109	5177212
[Read 245]	1327156	1327255
[Read 246]	2353442	2353546
[Read 247]	1290809	1290905
[Read 248]	1787680	1787777
[Read 249]	418083	418181
[Read 250]	5024526	5024622
[Read 251]	2844719	2844819
[Read 252]	3103437	3103536
[Read 253]	1045523	1045623
[Read 254]	3415236	3415335
[Read 255]	1717904	1718005
[Read 256]	3923411	3923514
[Read 257]	3113085	3113182
[Read 258]	514091	514190
[Read 259]	2659987	2660090
[Read 260]	1218255	1218356
[Read 261]	1811044	1811141
[Read 262]	2191932	2192029
[Read 263]	3671865	3671963
[Read 264]	4543456	4543558
[Read 265]	1116404	1116501
[Read 266]	3888341	3888440
[Read 267]	2933333	2933434
[Read 268]	3254611	3254711
[Read 269]	1318614	1318714
[Read 270]	3001067	3001165
[Read 271]	1591369	1591471
[Read 272]	1701245	1701346
[Read 273]	4258193	4258289
[Read 274]	4480476	4480580
[Read 275]	2789614	2789715
[Read 276]	2251711	2251811
[Read 277]	3179448	3179552
[Read 278]	843593	843697
[Read 279]	1165830	1165927
[Read 280]	2149964	2150060
[Read 281]	993386	993486
[Read 282]	2053426	2053522
[Read 283]	1678000	1678101
[Read 284]	5263621	5263724
[Read 285]	43628	43728
[Read 286]	5237422	5237521
[Read 287]	1655335	1655435
[Read 288]	157049	157149
[Read 289]	3222295	3222393
[Read 290]	1161182	1161278
[Read 291]	1649249	1649349
[Read 292]	4171834	4171934
[Read 293]	4941183	4941285
[Read 294]	97117	97214
[Read 295]	152929	153030
[Read 296]	4464785	4464885
[Read 297]	1515871	1515969
[Read 298]	4363342	4363442
[Read 299]	2890535	2890632
[Read 300]	2506802	2506902
[Read 301]	704595	704695
[Read 302]	2750353	2750450
[Read 303]	4653957	4654057
[Read 304]	2070830	2070932
[Read 305]	3965298	3965394
[Read 306]	2568914	2569014
[Read 307]	4472426	4472525
[Read 308]	73448	73546
[Read 309]	2363547	2363647
[Read 310]	5018633	5018731
[Read 311]	2572894	2572993
[Read 312]	5293461	5293561
[Read 313]	4976516	4976619
[Read 314]	68547	68645
[Read 315]	3297997	3298097
[Read 316]	2565474	2565571
[Read 317]	1175134	1175232
[Read 318]	4565406	4565510
[Read 319]	2803796	2803896
[Read 320]	846969	847066
[Read 321]	5227794	5227894
[Read 322]	4959299	4959400
[Read 323]	245181	245280
[Read 324]	2238889	2238988
[Read 325]	3371541	3371639
[Read 326]	3859867	3859967
[Read 327]	992121	992219
[Read 328]	128481	128582
[Read 329]	937435	937534
[Read 330]	888720	888818
[Read 331]	580072	580172
[Read 332]	15869	15967
[Read 333]	2059132	2059236
[Read 334]	3296610	3296714
[Read 335]	958900	958997
[Read 336]	3352052	3352150
[Read 337]	5008839	5008943
[Read 338]	1082287	1082385
[Read 339]	2246443	2246547
[Read 340]	3941455	3941559
[Read 341]	606559	606663
[Read 342]	2462135	2462237
[Read 343]	1561710	1561813
[Read 344]	4773628	4773726
[Read 345]	4253959	4254059
[Read 346]	3717728	3717831
[Read 347]	4424587	4424684
[Read 348]	2984009	2984108
[Read 349]	2134939	2135041
[Read 350]	3006198	3006294
[Read 351]	4299997	4300097
[Read 352]	2070332	2070430
[Read 353]	2704899	2705000
[Read 354]	331194	331293
[Read 355]	3761485	3761583
[Read 356]	4402212	4402310
[Read 357]	4461330	4461432
[Read 358]	3845120	3845219
[Read 359]	4284113	4284213
[Read 360]	1996228	1996328
[Read 361]	1378870	1378970
[Read 362]	2267212	2267312
[Read 363]	2008418	2008516
[Read 364]	3665019	3665122
[Read 365]	780064	780168
[Read 366]	3035093	3035196
[Read 367]	57829	57931
[Read 368]	4002108	4002206
[Read 369]	917857	917957
[Read 370]	1566483	1566583
[Read 371]	5261535	5261633
[Read 372]	1762997	1763100
[Read 373]	4283185	4283281
[Read 374]	4296055	4296151
[Read 375]	3952226	3952328
[Read 376]	5031245	5031345
[Read 377]	4540579	4540679
[Read 378]	3361948	3362045
[Read 379]	1685948	1686044
[Read 380]	1503200	1503300
[Read 381]	3868116	3868219
[Read 382]	318493	318594
[Read 383]	1691228	1691331
[Read 384]	1253150	1253253
[Read 385]	1985083	1985181
[Read 386]	4545891	4545988
[Read 387]	1071672	1071774
[Read 388]	2370959	2371063
[Read 389]	914878	914981
[Read 390]	4295615	4295717
[Read 391]	1252959	1253056
[Read 392]	2933108	2933210
[Read 393]	3772411	3772511
[Read 394]	922554	922653
[Read 395]	1474099	1474201
[Read 396]	4018304	4018400
[Read 397]	3250715	3250817
[Read 398]	4151026	4151124
[Read 399]	4386247	4386350
[Read 400]	778848	778944
[Read 401]	2768301	2768397
[Read 402]	423163	423261
[Read 403]	529137	529237
[Read 404]	2617981	2618079
[Read 405]	3340945	3341041
[Read 406]	4224629	4224729
[Read 407]	1603258	1603354
[Read 408]	4228952	4229053
[Read 409]	4340410	4340510
[Read 410]	2420427	2420523
[Read 411]	937612	937711
[Read 412]	1668670	1668772
[Read 413]	3019385	3019489
[Read 414]	1589734	1589837
[Read 415]	4153031	4153135
[Read 416]	1953414	1953516
[Read 417]	2557639	2557739
[Read 418]	4718570	4718669
[Read 419]	705041	705138
[Read 420]	3441381	3441480
[Read 421]	4712352	4712449
[Read 422]	946022	946122
[Read 423]	4816748	4816852
[Read 424]	5011572	5011674
[Read 425]	765595	765695
[Read 426]	597377	597477
[Read 427]	1633263	1633365
[Read 428]	4177344	4177444
[Read 429]	4236208	4236307
[Read 430]	4631251	4631352
[Read 431]	4678559	4678658
[Read 432]	1092818	1092920
[Read 433]	1858134	1858235
[Read 434]	2636248	2636350
[Read 435]	1851014	1851114
[Read 436]	4888647	4888747
[Read 437]	321780	321879
[Read 438]	4737665	4737761
[Read 439]	3476893	3476993
[Read 440]	2235356	2235453
[Read 441]	2954886	2954987
[Read 442]	4505466	4505566
[Read 443]	5328525	5328622
[Read 444]	2195685	2195785
[Read 445]	2754761	2754859
[Read 446]	291496	291596
[Read 447]	3587933	3588037
[Read 448]	529045	529146
[Read 449]	4952792	4952891
[Read 450]	3568401	3568501
[Read 451]	3181321	3181422
[Read 452]	788499	788599
[Read 453]	2902634	2902732
[Read 454]	3388028	3388128
[Read 455]	2497616	2497720
[Read 456]	3187803	3187904
[Read 457]	655373	655477
[Read 458]	848143	848247
[Read 459]	5268277	5268378
[Read 460]	566219	566321
[Read 461]	605130	605231
[Read 462]	3506975	3507075
[Read 463]	1741333	1741432
[Read 464]	1147942	1148045
[Read 465]	3851365	3851465
[Read 466]	1009144	1009246
[Read 